2017-01-02 276 10 2.672 "FR" 43.6206051062346 1.39423144268438 43.6498718261719 1.32570004463196
2017-01-02 635.99 10 15.648 "FR1890" 43.6206051062346 1.39423144268438 43.6498718261719 1.32570004463196
2017-01-02 84 7 0.49 "FR" 43.6206051062346 1.39423144268438 43.6498718261719 1.32570004463196
2017-01-02 60.65 6 1.079 "FR3191" 43.6206051062346 1.39423144268438 43.6124000549316 1.33337998390198
2017-01-02 24 6 0.282 "FR226" 43.6206051062346 1.39423144268438 43.5947685241699 1.5623300075531
2017-01-02 532 6 13.764 "FR" 43.6206051062346 1.39423144268438 43.6498718261719 1.32570004463196
2017-01-02 14 4 0.099 "FR" 43.6206051062346 1.39423144268438 43.6498718261719 1.32570004463196
2017-01-02 68 4 0.287 "FR" 43.6206051062346 1.39423144268438 43.6498718261719 1.32570004463196
2017-01-02 89 4 0.973 "FR" 43.6206051062346 1.39423144268438 43.6498718261719 1.32570004463196
2017-01-02 59 3 1.181 "FR" 43.6206051062346 1.39423144268438 43.6498718261719 1.32570004463196
2017-01-02 1020 3 12.935 "FR" 43.6206051062346 1.39423144268438 43.6498718261719 1.32570004463196
2017-01-02 66 2 0.492 "FR" 43.6206051062346 1.39423144268438 43.6498718261719 1.32570004463196
2017-01-02 7 2 0.072 "FR813" 43.6206051062346 1.39423144268438 43.6724510192871 1.45246005058289
2017-01-02 2 2 0.017 "FR" 43.6206051062346 1.39423144268438 43.6498718261719 1.32570004463196
2017-01-02 190 2 3.348 "FR" 43.6206051062346 1.39423144268438 43.6498718261719 1.32570004463196
2017-01-02 30 1 0.223 "FR" 43.6206051062346 1.39423144268438 43.6498718261719 1.32570004463196
2017-01-02 1 1 0.018 "FR226" 43.6206051062346 1.39423144268438 43.5947685241699 1.5623300075531
2017-01-02 23 1 0.264 "FR" 43.6206051062346 1.39423144268438 43.6124000549316 1.33337998390198
2017-01-02 35 1 0.782 "FR" 43.6206051062346 1.39423144268438 43.6124000549316 1.33337998390198
2017-01-02 1 1 0.006 "FR226" 43.6206051062346 1.39423144268438 43.5947685241699 1.5623300075531
2017-01-02 3 1 0.036 "FR178" 43.6206051062346 1.39423144268438 43.6057281494141 1.44869005680084
2017-01-02 12 1 0.088 "FR" 43.6206051062346 1.39423144268438 43.6498718261719 1.32570004463196
2017-01-02 1 1 0.01 "FR" 43.6206051062346 1.39423144268438 43.6498718261719 1.32570004463196
2017-01-02 1 1 0.006 "FR226" 43.6206051062346 1.39423144268438 43.5947685241699 1.5623300075531
2017-01-02 2 1 0.06 "FR226" 43.6206051062346 1.39423144268438 43.5947685241699 1.5623300075531
2017-01-02 3 1 0.033 "FR" 43.6206051062346 1.39423144268438 43.6498718261719 1.32570004463196
2017-01-02 60 1 0.437 "FR" 43.6206051062346 1.39423144268438 43.6498718261719 1.32570004463196
2017-01-02 200 1 6.692 "FR" 43.6206051062346 1.39423144268438 43.6124000549316 1.33337998390198
2017-01-02 4 1 0.026 "FR" 43.6206051062346 1.39423144268438 43.6498718261719 1.32570004463196
2017-08-14 916 15 13.869 "FR" 43.6206051062346 1.39423144268438 43.6498718261719 1.32570004463196
2017-08-14 14 14 0 "FR" 43.6206051062346 1.39423144268438 43.6498718261719 1.32570004463196
2017-08-14 99 12 2.546 "FR" 43.6206051062346 1.39423144268438 43.6498718261719 1.32570004463196
2017-08-14 89 9 1.543 "FR" 43.6206051062346 1.39423144268438 43.6498718261719 1.32570004463196
2017-08-14 373 8 13.335 "FR1890" 43.6206051062346 1.39423144268438 43.6498718261719 1.32570004463196
2017-08-14 106 7 1.108 "FR" 43.6206051062346 1.39423144268438 43.6498718261719 1.32570004463196
2017-08-14 70 5 0.257 "FR2006" 43.6206051062346 1.39423144268438 43.634578704834 1.39683997631073
2017-08-14 18 5 0.18 "FR226" 43.6206051062346 1.39423144268438 43.5947685241699 1.5623300075531
2017-08-14 21 5 0.131 "FR" 43.6206051062346 1.39423144268438 43.6498718261719 1.32570004463196
2017-08-14 2492 4 42.394 "FR" 43.6206051062346 1.39423144268438 43.6124000549316 1.33337998390198
2017-08-14 17 4 0.221 "FR" 43.6206051062346 1.39423144268438 43.7837104797363 1.35743999481201
2017-08-14 2 2 0.046 "FR" 43.6206051062346 1.39423144268438 43.6498718261719 1.32570004463196
2017-08-14 101 1 0.931 "FR" 43.6206051062346 1.39423144268438 43.6498718261719 1.32570004463196
2017-08-14 1 1 0.012 "FR" 43.6206051062346 1.39423144268438 43.6498718261719 1.32570004463196
2017-08-14 70 1 1.039 "FR813" 43.6206051062346 1.39423144268438 43.6724510192871 1.45246005058289
2017-08-14 1.72 1 0.006 "FR321" 43.6206051062346 1.39423144268438 43.634578704834 1.39683997631073
2017-08-14 6 1 0.12 "FR813" 43.6206051062346 1.39423144268438 43.6724510192871 1.45246005058289
2017-08-14 6.7 1 0.059 "FR448" 43.6206051062346 1.39423144268438 43.6057281494141 1.44869005680084
2017-08-14 1 1 0.01 "FR" 43.6206051062346 1.39423144268438 43.6498718261719 1.32570004463196
2017-08-14 5 1 0.076 "FR2055" 43.6206051062346 1.39423144268438 43.634578704834 1.39683997631073
2017-08-14 6.7 1 0.066 "FR2834" 43.6206051062346 1.39423144268438 43.6498718261719 1.32570004463196
2017-08-14 7 1 0.045 "FR" 43.6206051062346 1.39423144268438 43.6498718261719 1.32570004463196
2017-08-14 80 1 0.288 "FR2834" 43.6206051062346 1.39423144268438 43.6498718261719 1.32570004463196
2017-09-20 2260 23 37.438 "FR" 43.6206051062346 1.39423144268438 43.6498718261719 1.32570004463196
2017-09-20 108 21 1.337 "FR1125" 43.6206051062346 1.39423144268438 43.6124000549316 1.33337998390198
2017-09-20 318 21 6.426 "FR" 43.6206051062346 1.39423144268438 43.6498718261719 1.32570004463196
2017-09-20 594.4 18 9.09 "FR3307" 43.6206051062346 1.39423144268438 43.6057281494141 1.44869005680084
2017-09-20 127 17 2.048 "FR3191" 43.6206051062346 1.39423144268438 43.6124000549316 1.33337998390198
2017-09-20 28 14 0.441 "FR144" 43.6206051062346 1.39423144268438 43.6124000549316 1.33337998390198
2017-09-20 407 13 3.712 "FR" 43.6206051062346 1.39423144268438 43.6498718261719 1.32570004463196
2017-09-20 1077.3 12 19.194 "FR2834" 43.6206051062346 1.39423144268438 43.6498718261719 1.32570004463196
2017-09-20 1086 11 12.928 "FR" 43.6206051062346 1.39423144268438 43.6498718261719 1.32570004463196
2017-09-20 3160 10 4.605 "FR" 43.6206051062346 1.39423144268438 43.7837104797363 1.35743999481201
2017-09-20 488 7 6.22 "FR1890" 43.6206051062346 1.39423144268438 43.6498718261719 1.32570004463196
2017-09-20 188 6 2.644 "FR813" 43.6206051062346 1.39423144268438 43.6724510192871 1.45246005058289
2017-09-20 300 6 4.532 "FR" 43.6206051062346 1.39423144268438 43.6057281494141 1.44869005680084
2017-09-20 5 5 0 "FR" 43.6206051062346 1.39423144268438 43.6498718261719 1.32570004463196
2017-09-20 152 5 3.256 "FR1220" 43.6206051062346 1.39423144268438 43.6057281494141 1.44869005680084
2017-09-20 171 5 2.258 "FR" 43.6206051062346 1.39423144268438 43.7837104797363 1.35743999481201
2017-09-20 190 5 7.206 "FR" 43.6206051062346 1.39423144268438 43.634578704834 1.39683997631073
2017-09-20 17 4 0.246 "FR" 43.6206051062346 1.39423144268438 43.6498718261719 1.32570004463196
2017-09-20 23 4 0.161 "FR" 43.6206051062346 1.39423144268438 43.6498718261719 1.32570004463196
2017-09-20 492 4 1.766 "FR178" 43.6206051062346 1.39423144268438 43.6057281494141 1.44869005680084
2017-09-20 1325 4 16.488 "FR2062" 43.6206051062346 1.39423144268438 43.6057281494141 1.44869005680084
2017-09-20 184 4 2.722 "FR" 43.6206051062346 1.39423144268438 43.7837104797363 1.35743999481201
2017-09-20 4 4 0.19 "FR" 43.6206051062346 1.39423144268438 43.6498718261719 1.32570004463196
2017-09-20 1800 4 33.904 "FR735" 43.6206051062346 1.39423144268438 43.6124000549316 1.33337998390198
2017-09-20 800 4 1.799 "FR2754" 43.6206051062346 1.39423144268438 43.6124000549316 1.33337998390198
2017-09-20 425 4 1.309 "FR" 43.6206051062346 1.39423144268438 43.7837104797363 1.35743999481201
2017-09-20 104 3 1.631 "FR1207" 43.6206051062346 1.39423144268438 43.634578704834 1.39683997631073
2017-09-20 6 3 0.042 "FR226" 43.6206051062346 1.39423144268438 43.5947685241699 1.5623300075531
2017-09-20 1220 3 3.934 "FR1520" 43.6206051062346 1.39423144268438 43.6124000549316 1.33337998390198
2017-09-20 5 3 0.08 "FR" 43.6206051062346 1.39423144268438 43.6498718261719 1.32570004463196
2017-09-20 196 3 1.344 "FR1207" 43.6206051062346 1.39423144268438 43.634578704834 1.39683997631073
2017-09-20 600 3 5.732 "FR" 43.6206051062346 1.39423144268438 43.634578704834 1.39683997631073
2017-09-20 256 3 2.204 "FR" 43.6206051062346 1.39423144268438 43.6498718261719 1.32570004463196
2017-09-20 163 3 2.639 "FR1207" 43.6206051062346 1.39423144268438 43.634578704834 1.39683997631073
2017-09-20 3.21 3 0.072 "FR743" 43.6206051062346 1.39423144268438 43.6057281494141 1.44869005680084
2017-09-20 170 3 1.399 "FR" 43.6206051062346 1.39423144268438 43.6498718261719 1.32570004463196
2017-09-20 112 3 1.166 "FR" 43.6206051062346 1.39423144268438 43.6498718261719 1.32570004463196
2017-09-20 128.1 3 0.103 "FR" 43.6206051062346 1.39423144268438 43.6498718261719 1.32570004463196
2017-09-20 193 3 3.408 "FR" 43.6206051062346 1.39423144268438 43.6498718261719 1.32570004463196
2017-09-20 331 3 2.447 "FR" 43.6206051062346 1.39423144268438 43.6498718261719 1.32570004463196
2017-09-20 60 3 2.264 "FR" 43.6206051062346 1.39423144268438 43.6498718261719 1.32570004463196
2017-09-20 40 2 0.256 "FR2672" 43.6206051062346 1.39423144268438 43.6124000549316 1.33337998390198
2017-09-20 120 2 1.039 "FR" 43.6206051062346 1.39423144268438 43.6124000549316 1.33337998390198
2017-09-20 200 2 1.119 "FR" 43.6206051062346 1.39423144268438 43.6124000549316 1.33337998390198
2017-09-20 3 2 0.043 "FR849" 43.6206051062346 1.39423144268438 43.518009185791 1.55952000617981
2017-09-20 6 2 0.024 "FR2006" 43.6206051062346 1.39423144268438 43.634578704834 1.39683997631073
2017-09-20 200 2 5.637 "FR" 43.6206051062346 1.39423144268438 43.634578704834 1.39683997631073
2017-09-20 195 2 2.104 "FR" 43.6206051062346 1.39423144268438 43.6498718261719 1.32570004463196
2017-09-20 53 2 1.063 "FR" 43.6206051062346 1.39423144268438 43.6498718261719 1.32570004463196
2017-09-20 255 2 2.686 "FR1207" 43.6206051062346 1.39423144268438 43.634578704834 1.39683997631073
2017-09-20 760 2 1.847 "FR2754" 43.6206051062346 1.39423144268438 43.6124000549316 1.33337998390198
2017-09-20 70 2 1.187 "FR" 43.6206051062346 1.39423144268438 43.6498718261719 1.32570004463196
2017-09-20 68 2 1.155 "FR" 43.6206051062346 1.39423144268438 43.6498718261719 1.32570004463196
2017-09-20 70 1 0.797 "FR" 43.6206051062346 1.39423144268438 43.6498718261719 1.32570004463196
2017-09-20 1 1 0.02 "FR" 43.6206051062346 1.39423144268438 43.6124000549316 1.33337998390198
2017-09-20 50 1 0.384 "FR" 43.6206051062346 1.39423144268438 43.6124000549316 1.33337998390198
2017-09-20 0.1 1 0 "FR3537" 43.6206051062346 1.39423144268438 43.6651992797852 1.52453005313873
2017-09-20 700 1 25.196 "FR2555" 43.6206051062346 1.39423144268438 43.6057281494141 1.44869005680084
2017-09-20 100 1 1.343 "FR47" 43.6206051062346 1.39423144268438 43.6571502685547 1.48439002037048
2017-09-20 50 1 0.672 "FR5000" 43.6206051062346 1.39423144268438 43.6057281494141 1.44869005680084
2017-09-20 35 1 0.221 "FR178" 43.6206051062346 1.39423144268438 43.6057281494141 1.44869005680084
2017-09-20 10 1 0.056 "FR" 43.6206051062346 1.39423144268438 43.634578704834 1.39683997631073
2017-09-20 1 1 0.06 "FR" 43.6206051062346 1.39423144268438 43.6498718261719 1.32570004463196
2017-09-20 1 1 0.012 "FR2006" 43.6206051062346 1.39423144268438 43.634578704834 1.39683997631073
2017-09-20 16 1 0.096 "FR4710" 43.6206051062346 1.39423144268438 43.6057281494141 1.44869005680084
2017-09-20 18 1 0.061 "FR" 43.6206051062346 1.39423144268438 43.7837104797363 1.35743999481201
2017-09-20 5 1 0.064 "FR144" 43.6206051062346 1.39423144268438 43.6124000549316 1.33337998390198
2017-09-20 3 1 0.006 "FR3601" 43.6206051062346 1.39423144268438 43.6724510192871 1.45246005058289
2017-09-20 3.7 1 0.039 "FR448" 43.6206051062346 1.39423144268438 43.6057281494141 1.44869005680084
2017-09-20 150 1 2.878 "FR" 43.6206051062346 1.39423144268438 43.6498718261719 1.32570004463196
2017-09-20 3 1 0.08 "FR" 43.6206051062346 1.39423144268438 43.6498718261719 1.32570004463196
2017-09-20 25 1 0.08 "FR" 43.6206051062346 1.39423144268438 43.6498718261719 1.32570004463196
2017-09-20 1 1 0.02 "FR" 43.6206051062346 1.39423144268438 43.6498718261719 1.32570004463196
2017-09-20 746 1 0.576 "FR953" 43.6206051062346 1.39423144268438 43.6498718261719 1.32570004463196
2017-09-20 200 1 3.171 "FR" 43.6206051062346 1.39423144268438 43.634578704834 1.39683997631073
2017-09-20 500 1 1.364 "FR" 43.6206051062346 1.39423144268438 43.6124000549316 1.33337998390198
2017-09-20 20 1 0.072 "FR2845" 43.6206051062346 1.39423144268438 43.6124000549316 1.33337998390198
2017-09-20 2 1 0.025 "FR5000" 43.6206051062346 1.39423144268438 43.6057281494141 1.44869005680084
2017-09-20 3 1 0.06 "FR849" 43.6206051062346 1.39423144268438 43.518009185791 1.55952000617981
2017-09-20 25 1 0.133 "FR" 43.6206051062346 1.39423144268438 43.6498718261719 1.32570004463196
2017-09-20 2 1 0.072 "FR1937" 43.6206051062346 1.39423144268438 43.6057281494141 1.44869005680084
2017-09-20 10 1 0.625 "FR1220" 43.6206051062346 1.39423144268438 43.6057281494141 1.44869005680084
2017-09-20 170 1 0.744 "FR" 43.6206051062346 1.39423144268438 43.6124000549316 1.33337998390198
2017-09-20 300 1 1.023 "FR2754" 43.6206051062346 1.39423144268438 43.6124000549316 1.33337998390198
2017-09-20 2 1 0.015 "FR4710" 43.6206051062346 1.39423144268438 43.6057281494141 1.44869005680084
2017-09-20 20 1 1.749 "FR" 43.6206051062346 1.39423144268438 43.6124000549316 1.33337998390198
2017-09-20 3 1 0.066 "FR" 43.6206051062346 1.39423144268438 43.6498718261719 1.32570004463196
2017-09-20 300 1 4.485 "FR" 43.6206051062346 1.39423144268438 43.634578704834 1.39683997631073
2017-09-20 97 1 0.768 "FR" 43.6206051062346 1.39423144268438 43.6498718261719 1.32570004463196
2017-09-20 195 1 0.413 "FR4710" 43.6206051062346 1.39423144268438 43.6057281494141 1.44869005680084
2017-09-20 605 1 1.353 "FR4710" 43.6206051062346 1.39423144268438 43.6057281494141 1.44869005680084
2017-09-20 800 1 1.249 "FR3601" 43.6206051062346 1.39423144268438 43.6724510192871 1.45246005058289
2017-09-20 2000 1 9.894 "FR3395" 43.6206051062346 1.39423144268438 43.6057281494141 1.44869005680084
2017-09-20 50 1 0.332 "FR021" 43.6206051062346 1.39423144268438 43.6057281494141 1.44869005680084
2017-07-18 29 29 0 "FR" 43.6206051062346 1.39423144268438 43.6498718261719 1.32570004463196
2017-07-18 104 26 1.481 "FR" 43.6206051062346 1.39423144268438 43.6498718261719 1.32570004463196
2017-07-18 1829 18 39.092 "FR" 43.6206051062346 1.39423144268438 43.6498718261719 1.32570004463196
2017-07-18 303 15 3.445 "FR813" 43.6206051062346 1.39423144268438 43.6724510192871 1.45246005058289
2017-07-18 782 10 4.629 "FR" 43.6206051062346 1.39423144268438 43.6124000549316 1.33337998390198
2017-07-18 605.99 10 14.218 "FR1890" 43.6206051062346 1.39423144268438 43.6498718261719 1.32570004463196
2017-07-18 50 9 0.594 "FR1125" 43.6206051062346 1.39423144268438 43.6124000549316 1.33337998390198
2017-07-18 536 9 6.35 "FR" 43.6206051062346 1.39423144268438 43.6498718261719 1.32570004463196
2017-07-18 57 7 0.333 "FR" 43.6206051062346 1.39423144268438 43.6498718261719 1.32570004463196
2017-07-18 1700 6 15.582 "FR" 43.6206051062346 1.39423144268438 43.6124000549316 1.33337998390198
2017-07-18 3000 6 50.37 "FR1520" 43.6206051062346 1.39423144268438 43.6124000549316 1.33337998390198
2017-07-18 600 6 14.967 "FR1520" 43.6206051062346 1.39423144268438 43.6124000549316 1.33337998390198
2017-07-18 29 6 0.468 "FR" 43.6206051062346 1.39423144268438 43.6498718261719 1.32570004463196
2017-07-18 840 6 11.993 "FR" 43.6206051062346 1.39423144268438 43.6057281494141 1.44869005680084
2017-07-18 63 6 0.288 "FR2055" 43.6206051062346 1.39423144268438 43.634578704834 1.39683997631073
2017-07-18 24 4 0.288 "FR1207" 43.6206051062346 1.39423144268438 43.634578704834 1.39683997631073
2017-07-18 2400 4 43.822 "FR735" 43.6206051062346 1.39423144268438 43.6124000549316 1.33337998390198
2017-07-18 210 3 2.391 "FR" 43.6206051062346 1.39423144268438 43.6498718261719 1.32570004463196
2017-07-18 105 3 0.863 "FR" 43.6206051062346 1.39423144268438 43.6498718261719 1.32570004463196
2017-07-18 326 3 2.25 "FR" 43.6206051062346 1.39423144268438 43.634578704834 1.39683997631073
2017-07-18 7 3 0.084 "FR" 43.6206051062346 1.39423144268438 43.6498718261719 1.32570004463196
2017-07-18 119 3 1.862 "FR" 43.6206051062346 1.39423144268438 43.6498718261719 1.32570004463196
2017-07-18 302 3 9.184 "FR" 43.6206051062346 1.39423144268438 43.6498718261719 1.32570004463196
2017-07-18 5 3 0.06 "FR" 43.6206051062346 1.39423144268438 43.6498718261719 1.32570004463196
2017-07-18 2250 3 2.303 "FR4710" 43.6206051062346 1.39423144268438 43.6057281494141 1.44869005680084
2017-07-18 400 2 8.73 "FR" 43.6206051062346 1.39423144268438 43.6124000549316 1.33337998390198
2017-07-18 200 2 1.119 "FR" 43.6206051062346 1.39423144268438 43.6124000549316 1.33337998390198
2017-07-18 1900 2 9.666 "FR2754" 43.6206051062346 1.39423144268438 43.6124000549316 1.33337998390198
2017-07-18 5 2 0.113 "FR" 43.6206051062346 1.39423144268438 43.634578704834 1.39683997631073
2017-07-18 2 2 0.024 "FR" 43.6206051062346 1.39423144268438 43.6498718261719 1.32570004463196
2017-07-18 15 2 0.721 "FR1220" 43.6206051062346 1.39423144268438 43.6057281494141 1.44869005680084
2017-07-18 8 2 0.026 "FR178" 43.6206051062346 1.39423144268438 43.6057281494141 1.44869005680084
2017-07-18 8 2 0.081 "FR" 43.6206051062346 1.39423144268438 43.6498718261719 1.32570004463196
2017-07-18 200 2 5.637 "FR" 43.6206051062346 1.39423144268438 43.634578704834 1.39683997631073
2017-07-18 142 2 0.963 "FR" 43.6206051062346 1.39423144268438 43.6498718261719 1.32570004463196
2017-07-18 53 2 1.395 "FR" 43.6206051062346 1.39423144268438 43.634578704834 1.39683997631073
2017-07-18 160 2 0.767 "FR" 43.6206051062346 1.39423144268438 43.6498718261719 1.32570004463196
2017-07-18 600 2 1.535 "FR" 43.6206051062346 1.39423144268438 43.7837104797363 1.35743999481201
2017-07-18 1000 2 41.209 "FR" 43.6206051062346 1.39423144268438 43.6124000549316 1.33337998390198
2017-07-18 1000 2 41.209 "FR2754" 43.6206051062346 1.39423144268438 43.6124000549316 1.33337998390198
2017-07-18 5 2 0.058 "FR" 43.6206051062346 1.39423144268438 43.6498718261719 1.32570004463196
2017-07-18 12 2 0.096 "FR226" 43.6206051062346 1.39423144268438 43.5947685241699 1.5623300075531
2017-07-18 100 2 0.72 "FR2754" 43.6206051062346 1.39423144268438 43.6124000549316 1.33337998390198
2017-07-18 1 1 0.015 "FR4710" 43.6206051062346 1.39423144268438 43.6057281494141 1.44869005680084
2017-07-18 10 1 0.018 "FR3475" 43.6206051062346 1.39423144268438 43.634578704834 1.39683997631073
2017-07-18 72 1 0.672 "FR" 43.6206051062346 1.39423144268438 43.6124000549316 1.33337998390198
2017-07-18 70 1 2.519 "FR3020" 43.6206051062346 1.39423144268438 43.6057281494141 1.44869005680084
2017-07-18 80 1 0.299 "FR4710" 43.6206051062346 1.39423144268438 43.6057281494141 1.44869005680084
2017-07-18 100 1 1.343 "FR47" 43.6206051062346 1.39423144268438 43.6571502685547 1.48439002037048
2017-07-18 10 1 0.043 "FR178" 43.6206051062346 1.39423144268438 43.6057281494141 1.44869005680084
2017-07-18 800 1 25.905 "FR1520" 43.6206051062346 1.39423144268438 43.6124000549316 1.33337998390198
2017-07-18 2 1 0.041 "FR" 43.6206051062346 1.39423144268438 43.634578704834 1.39683997631073
2017-07-18 55 1 0.09 "FR4710" 43.6206051062346 1.39423144268438 43.6057281494141 1.44869005680084
2017-07-18 60 1 0.48 "FR1207" 43.6206051062346 1.39423144268438 43.634578704834 1.39683997631073
2017-07-18 13.38 1 0.018 "FR321" 43.6206051062346 1.39423144268438 43.634578704834 1.39683997631073
2017-07-18 500 1 8.11 "FR4464" 43.6206051062346 1.39423144268438 43.6124000549316 1.33337998390198
2017-07-18 3 1 0.006 "FR3601" 43.6206051062346 1.39423144268438 43.6724510192871 1.45246005058289
2017-07-18 15 1 0.086 "FR4710" 43.6206051062346 1.39423144268438 43.6057281494141 1.44869005680084
2017-07-18 1 1 0.01 "FR" 43.6206051062346 1.39423144268438 43.6498718261719 1.32570004463196
2017-07-18 85 1 0.72 "FR" 43.6206051062346 1.39423144268438 43.6498718261719 1.32570004463196
2017-07-18 1 1 0.007 "FR" 43.6206051062346 1.39423144268438 43.6498718261719 1.32570004463196
2017-07-18 8.5 1 0.084 "FR4710" 43.6206051062346 1.39423144268438 43.6057281494141 1.44869005680084
2017-07-18 1 1 0.017 "FR2845" 43.6206051062346 1.39423144268438 43.6124000549316 1.33337998390198
2017-07-18 205 1 1.382 "FR" 43.6206051062346 1.39423144268438 43.634578704834 1.39683997631073
2017-07-18 26 1 0.532 "FR" 43.6206051062346 1.39423144268438 43.7837104797363 1.35743999481201
2017-07-18 100 1 0.64 "FR1520" 43.6206051062346 1.39423144268438 43.6124000549316 1.33337998390198
2017-07-18 2 1 0.01 "FR2834" 43.6206051062346 1.39423144268438 43.6498718261719 1.32570004463196
2017-07-18 83 1 0.405 "FR" 43.6206051062346 1.39423144268438 43.6498718261719 1.32570004463196
2017-07-18 64 1 1.619 "FR" 43.6206051062346 1.39423144268438 43.6498718261719 1.32570004463196
2017-07-18 1 1 0.015 "FR4710" 43.6206051062346 1.39423144268438 43.6057281494141 1.44869005680084
2017-07-18 2 1 0.015 "FR4710" 43.6206051062346 1.39423144268438 43.6057281494141 1.44869005680084
2017-07-18 0.2 1 0.002 "FR4710" 43.6206051062346 1.39423144268438 43.6057281494141 1.44869005680084
2017-07-18 219 1 0.959 "FR" 43.6206051062346 1.39423144268438 43.6124000549316 1.33337998390198
2017-07-18 10 1 0.625 "FR1220" 43.6206051062346 1.39423144268438 43.6057281494141 1.44869005680084
2017-07-18 27 1 0.768 "FR1207" 43.6206051062346 1.39423144268438 43.634578704834 1.39683997631073
2017-07-18 33 1 0.35 "FR" 43.6206051062346 1.39423144268438 43.634578704834 1.39683997631073
2017-07-18 0.2 1 0.002 "FR4710" 43.6206051062346 1.39423144268438 43.6057281494141 1.44869005680084
2017-07-18 250 1 0.863 "FR" 43.6206051062346 1.39423144268438 43.6057281494141 1.44869005680084
2017-07-18 100 1 2.001 "FR" 43.6206051062346 1.39423144268438 43.6124000549316 1.33337998390198
2017-07-18 1 1 0.015 "FR4710" 43.6206051062346 1.39423144268438 43.6057281494141 1.44869005680084
2017-07-18 2 1 0.01 "FR1207" 43.6206051062346 1.39423144268438 43.634578704834 1.39683997631073
2017-07-18 1 1 0.01 "FR" 43.6206051062346 1.39423144268438 43.6498718261719 1.32570004463196
2017-07-18 1 1 0.015 "FR4710" 43.6206051062346 1.39423144268438 43.6057281494141 1.44869005680084
2017-07-18 22 1 0.06 "FR" 43.6206051062346 1.39423144268438 43.6498718261719 1.32570004463196
2017-07-18 100 1 0.32 "FR3307" 43.6206051062346 1.39423144268438 43.6057281494141 1.44869005680084
2017-07-18 300 1 1.802 "FR4710" 43.6206051062346 1.39423144268438 43.6057281494141 1.44869005680084
2017-07-18 0.2 1 0.003 "FR4710" 43.6206051062346 1.39423144268438 43.6057281494141 1.44869005680084
2017-07-18 0.2 1 0.002 "FR4710" 43.6206051062346 1.39423144268438 43.6057281494141 1.44869005680084
2017-07-18 1600 1 2.499 "FR3601" 43.6206051062346 1.39423144268438 43.6724510192871 1.45246005058289
2017-07-18 0.2 1 0.002 "FR4710" 43.6206051062346 1.39423144268438 43.6057281494141 1.44869005680084
2017-02-08 934.64 14 0.423 "FR321" 43.6206051062346 1.39423144268438 43.634578704834 1.39683997631073
2017-02-08 229 13 1.547 "FR813" 43.6206051062346 1.39423144268438 43.6724510192871 1.45246005058289
2017-02-08 180 12 0.72 "FR849" 43.6206051062346 1.39423144268438 43.518009185791 1.55952000617981
2017-02-08 4805 11 20.538 "FR" 43.6206051062346 1.39423144268438 43.6057281494141 1.44869005680084
2017-02-08 13000 10 14.991 "FR" 43.6206051062346 1.39423144268438 43.7837104797363 1.35743999481201
2017-02-08 1216 9 11.121 "FR" 43.6206051062346 1.39423144268438 43.6498718261719 1.32570004463196
2017-02-08 35 9 0.534 "FR" 43.6206051062346 1.39423144268438 43.6498718261719 1.32570004463196
2017-02-08 2895 7 12.695 "FR" 43.6206051062346 1.39423144268438 43.6124000549316 1.33337998390198
2017-02-08 942 7 21.827 "FR" 43.6206051062346 1.39423144268438 43.6498718261719 1.32570004463196
2017-02-08 188.3 7 6.937 "FR" 43.6206051062346 1.39423144268438 43.6498718261719 1.32570004463196
2017-02-08 209 6 2.299 "FR" 43.6206051062346 1.39423144268438 43.6498718261719 1.32570004463196
2017-02-08 6 6 0 "FR" 43.6206051062346 1.39423144268438 43.6498718261719 1.32570004463196
2017-02-08 465 6 8.457 "FR" 43.6206051062346 1.39423144268438 43.6498718261719 1.32570004463196
2017-02-08 8 6 0.067 "FR" 43.6206051062346 1.39423144268438 43.6498718261719 1.32570004463196
2017-02-08 93 6 1.727 "FR" 43.6206051062346 1.39423144268438 43.6498718261719 1.32570004463196
2017-02-08 17 5 0.15 "FR" 43.6206051062346 1.39423144268438 43.6498718261719 1.32570004463196
2017-02-08 14 5 0.808 "FR" 43.6206051062346 1.39423144268438 43.6498718261719 1.32570004463196
2017-02-08 35 5 0.317 "FR3307" 43.6206051062346 1.39423144268438 43.6057281494141 1.44869005680084
2017-02-08 400 4 4.197 "FR" 43.6206051062346 1.39423144268438 43.6498718261719 1.32570004463196
2017-02-08 145 4 1.216 "FR" 43.6206051062346 1.39423144268438 43.6498718261719 1.32570004463196
2017-02-08 144 4 1.506 "FR" 43.6206051062346 1.39423144268438 43.6498718261719 1.32570004463196
2017-02-08 215 4 11.356 "FR2186" 43.6206051062346 1.39423144268438 43.711540222168 1.39261996746063
2017-02-08 400 4 3.861 "FR" 43.6206051062346 1.39423144268438 43.634578704834 1.39683997631073
2017-02-08 105 3 0.57 "FR" 43.6206051062346 1.39423144268438 43.6498718261719 1.32570004463196
2017-02-08 21 3 0.19 "FR" 43.6206051062346 1.39423144268438 43.634578704834 1.39683997631073
2017-02-08 200 3 3.358 "FR2805" 43.6206051062346 1.39423144268438 43.6057281494141 1.44869005680084
2017-02-08 6 3 0.084 "FR226" 43.6206051062346 1.39423144268438 43.5947685241699 1.5623300075531
2017-02-08 281 3 2.171 "FR" 43.6206051062346 1.39423144268438 43.6498718261719 1.32570004463196
2017-02-08 3000 3 8.344 "FR" 43.6206051062346 1.39423144268438 43.7837104797363 1.35743999481201
2017-02-08 1170 3 41.953 "FR" 43.6206051062346 1.39423144268438 43.6124000549316 1.33337998390198
2017-02-08 100 3 1.277 "FR" 43.6206051062346 1.39423144268438 43.6498718261719 1.32570004463196
2017-02-08 1000 2 9.411 "FR" 43.6206051062346 1.39423144268438 43.634578704834 1.39683997631073
2017-02-08 306.9 2 4.918 "FR2834" 43.6206051062346 1.39423144268438 43.6498718261719 1.32570004463196
2017-02-08 4 2 0.018 "FR3601" 43.6206051062346 1.39423144268438 43.6724510192871 1.45246005058289
2017-02-08 301 2 2.832 "FR" 43.6206051062346 1.39423144268438 43.634578704834 1.39683997631073
2017-02-08 1000 2 2.728 "FR" 43.6206051062346 1.39423144268438 43.6124000549316 1.33337998390198
2017-02-08 108 2 0.528 "FR" 43.6206051062346 1.39423144268438 43.6124000549316 1.33337998390198
2017-02-08 156 2 0.773 "FR" 43.6206051062346 1.39423144268438 43.6498718261719 1.32570004463196
2017-02-08 161 2 1.593 "FR" 43.6206051062346 1.39423144268438 43.6498718261719 1.32570004463196
2017-02-08 19 2 0.408 "FR" 43.6206051062346 1.39423144268438 43.7837104797363 1.35743999481201
2017-02-08 400 2 0.899 "FR2754" 43.6206051062346 1.39423144268438 43.6124000549316 1.33337998390198
2017-02-08 25 2 0.124 "FR1890" 43.6206051062346 1.39423144268438 43.6498718261719 1.32570004463196
2017-02-08 800 2 4.13 "FR2754" 43.6206051062346 1.39423144268438 43.6124000549316 1.33337998390198
2017-02-08 760 2 1.847 "FR2754" 43.6206051062346 1.39423144268438 43.6124000549316 1.33337998390198
2017-02-08 23.5 2 0.774 "FR" 43.6206051062346 1.39423144268438 43.6498718261719 1.32570004463196
2017-02-08 7 2 0.078 "FR226" 43.6206051062346 1.39423144268438 43.5947685241699 1.5623300075531
2017-02-08 2 2 0.02 "FR" 43.6206051062346 1.39423144268438 43.6498718261719 1.32570004463196
2017-02-08 100 2 0.72 "FR2754" 43.6206051062346 1.39423144268438 43.6124000549316 1.33337998390198
2017-02-08 1 1 0.004 "FR2845" 43.6206051062346 1.39423144268438 43.6124000549316 1.33337998390198
2017-02-08 2 1 0.018 "FR226" 43.6206051062346 1.39423144268438 43.5947685241699 1.5623300075531
2017-02-08 10 1 0.12 "FR813" 43.6206051062346 1.39423144268438 43.6724510192871 1.45246005058289
2017-02-08 100 1 1.343 "FR47" 43.6206051062346 1.39423144268438 43.6571502685547 1.48439002037048
2017-02-08 240 1 9.095 "FR" 43.6206051062346 1.39423144268438 43.6124000549316 1.33337998390198
2017-02-08 1180 1 15.351 "FR2754" 43.6206051062346 1.39423144268438 43.6124000549316 1.33337998390198
2017-02-08 122 1 0.48 "FR" 43.6206051062346 1.39423144268438 43.6498718261719 1.32570004463196
2017-02-08 40 1 0.576 "FR1207" 43.6206051062346 1.39423144268438 43.634578704834 1.39683997631073
2017-02-08 2 1 0.015 "FR" 43.6206051062346 1.39423144268438 43.7837104797363 1.35743999481201
2017-02-08 6 1 0.06 "FR849" 43.6206051062346 1.39423144268438 43.518009185791 1.55952000617981
2017-02-08 1 1 0.01 "FR744" 43.6206051062346 1.39423144268438 43.5296516418457 1.52708995342255
2017-02-08 7 1 0.096 "FR1220" 43.6206051062346 1.39423144268438 43.6057281494141 1.44869005680084
2017-02-08 12 1 0.043 "FR178" 43.6206051062346 1.39423144268438 43.6057281494141 1.44869005680084
2017-02-08 49 1 0.717 "FR" 43.6206051062346 1.39423144268438 43.6498718261719 1.32570004463196
2017-02-08 28 1 0.672 "FR1890" 43.6206051062346 1.39423144268438 43.6498718261719 1.32570004463196
2017-02-08 95 1 2.049 "FR" 43.6206051062346 1.39423144268438 43.6124000549316 1.33337998390198
2017-02-08 89 1 0.45 "FR1890" 43.6206051062346 1.39423144268438 43.6498718261719 1.32570004463196
2017-02-08 10 1 0.056 "FR1207" 43.6206051062346 1.39423144268438 43.634578704834 1.39683997631073
2017-02-08 154 1 2.499 "FR" 43.6206051062346 1.39423144268438 43.6124000549316 1.33337998390198
2017-02-08 62 1 0.528 "FR1207" 43.6206051062346 1.39423144268438 43.634578704834 1.39683997631073
2017-02-08 200 1 2.495 "FR" 43.6206051062346 1.39423144268438 43.634578704834 1.39683997631073
2017-02-08 2 1 0.02 "FR" 43.6206051062346 1.39423144268438 43.634578704834 1.39683997631073
2017-02-08 3 1 0.02 "FR" 43.6206051062346 1.39423144268438 43.7837104797363 1.35743999481201
2017-02-08 300 1 1.199 "FR2754" 43.6206051062346 1.39423144268438 43.6124000549316 1.33337998390198
2017-02-08 48 1 1.343 "FR1207" 43.6206051062346 1.39423144268438 43.634578704834 1.39683997631073
2017-02-08 16 1 0.084 "FR" 43.6206051062346 1.39423144268438 43.634578704834 1.39683997631073
2017-02-08 90 1 0.024 "FR3191" 43.6206051062346 1.39423144268438 43.6124000549316 1.33337998390198
2017-02-08 46 1 1.023 "FR" 43.6206051062346 1.39423144268438 43.6498718261719 1.32570004463196
2017-02-08 3 1 0.096 "FR849" 43.6206051062346 1.39423144268438 43.518009185791 1.55952000617981
2017-02-08 1 1 0.02 "FR" 43.6206051062346 1.39423144268438 43.6057281494141 1.44869005680084
2017-02-08 6 1 0.36 "FR" 43.6206051062346 1.39423144268438 43.6498718261719 1.32570004463196
2017-02-08 137 1 1.247 "FR1207" 43.6206051062346 1.39423144268438 43.634578704834 1.39683997631073
2017-02-08 15 1 0.25 "FR" 43.6206051062346 1.39423144268438 43.6057281494141 1.44869005680084
2017-02-08 300 1 1.023 "FR2754" 43.6206051062346 1.39423144268438 43.6124000549316 1.33337998390198
2017-02-08 12 1 0.188 "FR1890" 43.6206051062346 1.39423144268438 43.6498718261719 1.32570004463196
2017-02-08 1000 1 0.81 "FR" 43.6206051062346 1.39423144268438 43.6057281494141 1.44869005680084
2017-02-08 4500 1 2.833 "FR" 43.6206051062346 1.39423144268438 43.6057281494141 1.44869005680084
2017-02-08 1 1 0.01 "FR1207" 43.6206051062346 1.39423144268438 43.634578704834 1.39683997631073
2017-02-08 13 1 0.047 "FR" 43.6206051062346 1.39423144268438 43.634578704834 1.39683997631073
2017-02-08 200 1 6.901 "FR" 43.6206051062346 1.39423144268438 43.6124000549316 1.33337998390198
2017-02-08 4 1 0.027 "FR" 43.6206051062346 1.39423144268438 43.6498718261719 1.32570004463196
2017-07-17 1529 19 26.106 "FR" 43.6206051062346 1.39423144268438 43.6498718261719 1.32570004463196
2017-07-17 337 14 5.302 "FR" 43.6206051062346 1.39423144268438 43.6498718261719 1.32570004463196
2017-07-17 210 12 2.601 "FR" 43.6206051062346 1.39423144268438 43.6057281494141 1.44869005680084
2017-07-17 626 10 10.155 "FR" 43.6206051062346 1.39423144268438 43.6124000549316 1.33337998390198
2017-07-17 12 10 0.128 "FR" 43.6206051062346 1.39423144268438 43.6498718261719 1.32570004463196
2017-07-17 180 9 2.59 "FR" 43.6206051062346 1.39423144268438 43.6498718261719 1.32570004463196
2017-07-17 394 8 3.901 "FR" 43.6206051062346 1.39423144268438 43.6498718261719 1.32570004463196
2017-07-17 1750 7 22.01 "FR" 43.6206051062346 1.39423144268438 43.6124000549316 1.33337998390198
2017-07-17 245 7 1.609 "FR" 43.6206051062346 1.39423144268438 43.6498718261719 1.32570004463196
2017-07-17 3850 7 38.329 "FR" 43.6206051062346 1.39423144268438 43.6124000549316 1.33337998390198
2017-07-17 178 7 1.688 "FR" 43.6206051062346 1.39423144268438 43.6498718261719 1.32570004463196
2017-07-17 220 6 1.449 "FR813" 43.6206051062346 1.39423144268438 43.6724510192871 1.45246005058289
2017-07-17 46 4 0.281 "FR178" 43.6206051062346 1.39423144268438 43.6057281494141 1.44869005680084
2017-07-17 2400 4 43.822 "FR735" 43.6206051062346 1.39423144268438 43.6124000549316 1.33337998390198
2017-07-17 1520 4 3.694 "FR2754" 43.6206051062346 1.39423144268438 43.6124000549316 1.33337998390198
2017-07-17 768 3 24.493 "FR" 43.6206051062346 1.39423144268438 43.6124000549316 1.33337998390198
2017-07-17 2850 3 14.499 "FR2754" 43.6206051062346 1.39423144268438 43.6124000549316 1.33337998390198
2017-07-17 168 3 1.823 "FR2834" 43.6206051062346 1.39423144268438 43.6498718261719 1.32570004463196
2017-07-17 30 3 0.152 "FR" 43.6206051062346 1.39423144268438 43.6498718261719 1.32570004463196
2017-07-17 3 3 0 "FR" 43.6206051062346 1.39423144268438 43.6498718261719 1.32570004463196
2017-07-17 162 3 2.445 "FR1220" 43.6206051062346 1.39423144268438 43.6057281494141 1.44869005680084
2017-07-17 416 3 9.363 "FR" 43.6206051062346 1.39423144268438 43.6124000549316 1.33337998390198
2017-07-17 285 3 2.983 "FR" 43.6206051062346 1.39423144268438 43.6498718261719 1.32570004463196
2017-07-17 69 3 1.187 "FR5000" 43.6206051062346 1.39423144268438 43.6057281494141 1.44869005680084
2017-07-17 600 3 1.349 "FR2754" 43.6206051062346 1.39423144268438 43.6124000549316 1.33337998390198
2017-07-17 827 3 11.907 "FR" 43.6206051062346 1.39423144268438 43.6498718261719 1.32570004463196
2017-07-17 22 2 0.103 "FR" 43.6206051062346 1.39423144268438 43.6498718261719 1.32570004463196
2017-07-17 480 2 15.485 "FR" 43.6206051062346 1.39423144268438 43.6124000549316 1.33337998390198
2017-07-17 35 2 0.207 "FR" 43.6206051062346 1.39423144268438 43.6498718261719 1.32570004463196
2017-07-17 6 2 0.021 "FR" 43.6206051062346 1.39423144268438 43.6498718261719 1.32570004463196
2017-07-17 22 2 1.042 "FR" 43.6206051062346 1.39423144268438 43.634578704834 1.39683997631073
2017-07-17 154 2 0.692 "FR" 43.6206051062346 1.39423144268438 43.6498718261719 1.32570004463196
2017-07-17 161 2 0.758 "FR" 43.6206051062346 1.39423144268438 43.6498718261719 1.32570004463196
2017-07-17 39 2 1.463 "FR" 43.6206051062346 1.39423144268438 43.6498718261719 1.32570004463196
2017-07-17 58 2 1.048 "FR" 43.6206051062346 1.39423144268438 43.7837104797363 1.35743999481201
2017-07-17 4 2 0.046 "FR" 43.6206051062346 1.39423144268438 43.6498718261719 1.32570004463196
2017-07-17 600 2 23.242 "FR2754" 43.6206051062346 1.39423144268438 43.6124000549316 1.33337998390198
2017-07-17 4000 2 71.166 "FR" 43.6206051062346 1.39423144268438 43.634578704834 1.39683997631073
2017-07-17 600 2 2.047 "FR2754" 43.6206051062346 1.39423144268438 43.6124000549316 1.33337998390198
2017-07-17 4.65 2 0.051 "FR4710" 43.6206051062346 1.39423144268438 43.6057281494141 1.44869005680084
2017-07-17 129 2 1.343 "FR" 43.6206051062346 1.39423144268438 43.6498718261719 1.32570004463196
2017-07-17 2.05 2 0.032 "FR4710" 43.6206051062346 1.39423144268438 43.6057281494141 1.44869005680084
2017-07-17 300 2 4.857 "FR" 43.6206051062346 1.39423144268438 43.6124000549316 1.33337998390198
2017-07-17 110 2 0.551 "FR3307" 43.6206051062346 1.39423144268438 43.6057281494141 1.44869005680084
2017-07-17 85 1 0.72 "FR" 43.6206051062346 1.39423144268438 43.6124000549316 1.33337998390198
2017-07-17 1 1 0.001 "FR4710" 43.6206051062346 1.39423144268438 43.6057281494141 1.44869005680084
2017-07-17 2 1 0.048 "FR4710" 43.6206051062346 1.39423144268438 43.6057281494141 1.44869005680084
2017-07-17 100 1 1.343 "FR47" 43.6206051062346 1.39423144268438 43.6571502685547 1.48439002037048
2017-07-17 40 1 0.48 "FR5000" 43.6206051062346 1.39423144268438 43.6057281494141 1.44869005680084
2017-07-17 374 1 7.771 "FR" 43.6206051062346 1.39423144268438 43.6498718261719 1.32570004463196
2017-07-17 0.2 1 0 "FR4710" 43.6206051062346 1.39423144268438 43.6057281494141 1.44869005680084
2017-07-17 99 1 1.151 "FR" 43.6206051062346 1.39423144268438 43.6498718261719 1.32570004463196
2017-07-17 12 1 0.06 "FR813" 43.6206051062346 1.39423144268438 43.6724510192871 1.45246005058289
2017-07-17 1 1 0.006 "FR226" 43.6206051062346 1.39423144268438 43.5947685241699 1.5623300075531
2017-07-17 1 1 0.006 "FR226" 43.6206051062346 1.39423144268438 43.5947685241699 1.5623300075531
2017-07-17 30 1 0.647 "FR" 43.6206051062346 1.39423144268438 43.6057281494141 1.44869005680084
2017-07-17 242 1 4.563 "FR" 43.6206051062346 1.39423144268438 43.6124000549316 1.33337998390198
2017-07-17 0.55 1 0.015 "FR4710" 43.6206051062346 1.39423144268438 43.6057281494141 1.44869005680084
2017-07-17 89 1 0.72 "FR" 43.6206051062346 1.39423144268438 43.6498718261719 1.32570004463196
2017-07-17 1 1 0.01 "FR" 43.6206051062346 1.39423144268438 43.6498718261719 1.32570004463196
2017-07-17 200 1 0.528 "FR" 43.6206051062346 1.39423144268438 43.634578704834 1.39683997631073
2017-07-17 3 1 0.027 "FR" 43.6206051062346 1.39423144268438 43.7837104797363 1.35743999481201
2017-07-17 2 1 0.036 "FR3236" 43.6206051062346 1.39423144268438 43.6124000549316 1.33337998390198
2017-07-17 28 1 0.26 "FR" 43.6206051062346 1.39423144268438 43.6498718261719 1.32570004463196
2017-07-17 200 1 2.399 "FR" 43.6206051062346 1.39423144268438 43.634578704834 1.39683997631073
2017-07-17 11.8 1 0.18 "FR3191" 43.6206051062346 1.39423144268438 43.6124000549316 1.33337998390198
2017-07-17 48 1 0.825 "FR" 43.6206051062346 1.39423144268438 43.6498718261719 1.32570004463196
2017-07-17 2 1 0.09 "FR" 43.6206051062346 1.39423144268438 43.6498718261719 1.32570004463196
2017-07-17 0.3 1 0.004 "FR4710" 43.6206051062346 1.39423144268438 43.6057281494141 1.44869005680084
2017-07-17 0.1 1 0.001 "FR4710" 43.6206051062346 1.39423144268438 43.6057281494141 1.44869005680084
2017-07-17 175 1 0.902 "FR3307" 43.6206051062346 1.39423144268438 43.6057281494141 1.44869005680084
2017-07-17 60 1 0.475 "FR" 43.6206051062346 1.39423144268438 43.6124000549316 1.33337998390198
2017-07-17 100 1 1.074 "FR1520" 43.6206051062346 1.39423144268438 43.6124000549316 1.33337998390198
2017-07-17 6 1 0.045 "FR" 43.6206051062346 1.39423144268438 43.6498718261719 1.32570004463196
2017-07-17 5 1 0.072 "FR226" 43.6206051062346 1.39423144268438 43.5947685241699 1.5623300075531
2017-07-17 6 1 0.039 "FR178" 43.6206051062346 1.39423144268438 43.6057281494141 1.44869005680084
2017-07-17 1 1 0.003 "FR4710" 43.6206051062346 1.39423144268438 43.6057281494141 1.44869005680084
2017-07-17 632 1 0.804 "FR" 43.6206051062346 1.39423144268438 43.6057281494141 1.44869005680084
2017-07-17 10 1 0.073 "FR4710" 43.6206051062346 1.39423144268438 43.6057281494141 1.44869005680084
2017-07-17 150 1 0.16 "FR3307" 43.6206051062346 1.39423144268438 43.6057281494141 1.44869005680084
2017-07-17 1 1 0.012 "FR4412" 43.6206051062346 1.39423144268438 43.6057281494141 1.44869005680084
2017-07-17 1 1 0.01 "FR" 43.6206051062346 1.39423144268438 43.6498718261719 1.32570004463196
2017-07-17 69 1 0.755 "FR" 43.6206051062346 1.39423144268438 43.6498718261719 1.32570004463196
2017-07-17 34 1 0.45 "FR" 43.6206051062346 1.39423144268438 43.6498718261719 1.32570004463196
2017-07-17 3 1 0.045 "FR4710" 43.6206051062346 1.39423144268438 43.6057281494141 1.44869005680084
2017-07-17 52 1 0.066 "FR4710" 43.6206051062346 1.39423144268438 43.6057281494141 1.44869005680084
2017-07-17 15 1 0.096 "FR813" 43.6206051062346 1.39423144268438 43.6724510192871 1.45246005058289
2017-07-17 1600 1 2.499 "FR3601" 43.6206051062346 1.39423144268438 43.6724510192871 1.45246005058289
2017-07-17 1 1 0.003 "FR4710" 43.6206051062346 1.39423144268438 43.6057281494141 1.44869005680084
2017-07-24 44 44 0 "FR" 43.6206051062346 1.39423144268438 43.6498718261719 1.32570004463196
2017-07-24 2875 43 40.534 "FR" 43.6206051062346 1.39423144268438 43.6498718261719 1.32570004463196
2017-07-24 96 16 0.618 "FR" 43.6206051062346 1.39423144268438 43.6498718261719 1.32570004463196
2017-07-24 415 15 4.041 "FR813" 43.6206051062346 1.39423144268438 43.6724510192871 1.45246005058289
2017-07-24 42 14 0.441 "FR144" 43.6206051062346 1.39423144268438 43.6124000549316 1.33337998390198
2017-07-24 929 11 10.071 "FR" 43.6206051062346 1.39423144268438 43.6498718261719 1.32570004463196
2017-07-24 1214 10 36.102 "FR" 43.6206051062346 1.39423144268438 43.6124000549316 1.33337998390198
2017-07-24 125 10 2.378 "FR" 43.6206051062346 1.39423144268438 43.6498718261719 1.32570004463196
2017-07-24 15 9 0.18 "FR" 43.6206051062346 1.39423144268438 43.6498718261719 1.32570004463196
2017-07-24 7000 9 16.514 "FR" 43.6206051062346 1.39423144268438 43.7837104797363 1.35743999481201
2017-07-24 184 6 1.991 "FR" 43.6206051062346 1.39423144268438 43.6498718261719 1.32570004463196
2017-07-24 120 6 1.727 "FR" 43.6206051062346 1.39423144268438 43.6498718261719 1.32570004463196
2017-07-24 1800 5 29.437 "FR2754" 43.6206051062346 1.39423144268438 43.6124000549316 1.33337998390198
2017-07-24 406 4 3.277 "FR" 43.6206051062346 1.39423144268438 43.6498718261719 1.32570004463196
2017-07-24 10 4 0.048 "FR" 43.6206051062346 1.39423144268438 43.6498718261719 1.32570004463196
2017-07-24 38 4 0.59 "FR" 43.6206051062346 1.39423144268438 43.6498718261719 1.32570004463196
2017-07-24 37 4 0.249 "FR2055" 43.6206051062346 1.39423144268438 43.634578704834 1.39683997631073
2017-07-24 308 4 3.088 "FR" 43.6206051062346 1.39423144268438 43.6498718261719 1.32570004463196
2017-07-24 33 4 0.302 "FR" 43.6206051062346 1.39423144268438 43.6498718261719 1.32570004463196
2017-07-24 462 3 2.502 "FR" 43.6206051062346 1.39423144268438 43.6124000549316 1.33337998390198
2017-07-24 2252 3 33.299 "FR" 43.6206051062346 1.39423144268438 43.6124000549316 1.33337998390198
2017-07-24 46 3 0.388 "FR" 43.6206051062346 1.39423144268438 43.634578704834 1.39683997631073
2017-07-24 15 3 0.05 "FR" 43.6206051062346 1.39423144268438 43.634578704834 1.39683997631073
2017-07-24 1970 3 1.593 "FR" 43.6206051062346 1.39423144268438 43.7837104797363 1.35743999481201
2017-07-24 68 3 0.973 "FR" 43.6206051062346 1.39423144268438 43.6498718261719 1.32570004463196
2017-07-24 420 3 4.015 "FR4710" 43.6206051062346 1.39423144268438 43.6057281494141 1.44869005680084
2017-07-24 400 2 8.73 "FR" 43.6206051062346 1.39423144268438 43.6124000549316 1.33337998390198
2017-07-24 900 2 2.519 "FR" 43.6206051062346 1.39423144268438 43.7837104797363 1.35743999481201
2017-07-24 6 2 0.078 "FR" 43.6206051062346 1.39423144268438 43.6124000549316 1.33337998390198
2017-07-24 13 2 0.119 "FR" 43.6206051062346 1.39423144268438 43.6498718261719 1.32570004463196
2017-07-24 3 2 0.028 "FR" 43.6206051062346 1.39423144268438 43.634578704834 1.39683997631073
2017-07-24 900 2 19.79 "FR" 43.6206051062346 1.39423144268438 43.634578704834 1.39683997631073
2017-07-24 8 2 0.032 "FR2006" 43.6206051062346 1.39423144268438 43.634578704834 1.39683997631073
2017-07-24 7 2 0.03 "FR226" 43.6206051062346 1.39423144268438 43.5947685241699 1.5623300075531
2017-07-24 8 2 0.041 "FR178" 43.6206051062346 1.39423144268438 43.6057281494141 1.44869005680084
2017-07-24 100 2 0.824 "FR" 43.6206051062346 1.39423144268438 43.6498718261719 1.32570004463196
2017-07-24 21 2 1.519 "FR" 43.6206051062346 1.39423144268438 43.6498718261719 1.32570004463196
2017-07-24 2 2 0.024 "FR" 43.6206051062346 1.39423144268438 43.6498718261719 1.32570004463196
2017-07-24 860 2 9.432 "FR" 43.6206051062346 1.39423144268438 43.634578704834 1.39683997631073
2017-07-24 8 2 0.176 "FR" 43.6206051062346 1.39423144268438 43.7837104797363 1.35743999481201
2017-07-24 9 2 0.06 "FR" 43.6206051062346 1.39423144268438 43.6498718261719 1.32570004463196
2017-07-24 21 2 0.721 "FR" 43.6206051062346 1.39423144268438 43.7837104797363 1.35743999481201
2017-07-24 16 2 0.879 "FR" 43.6206051062346 1.39423144268438 43.6498718261719 1.32570004463196
2017-07-24 650 2 8.259 "FR2672" 43.6206051062346 1.39423144268438 43.6124000549316 1.33337998390198
2017-07-24 4 2 0.012 "FR321" 43.6206051062346 1.39423144268438 43.634578704834 1.39683997631073
2017-07-24 4 2 0.031 "FR" 43.6206051062346 1.39423144268438 43.6498718261719 1.32570004463196
2017-07-24 100 2 0.72 "FR2754" 43.6206051062346 1.39423144268438 43.6124000549316 1.33337998390198
2017-07-24 4.4 2 0.032 "FR" 43.6206051062346 1.39423144268438 43.6498718261719 1.32570004463196
2017-07-24 300 2 4.857 "FR" 43.6206051062346 1.39423144268438 43.6124000549316 1.33337998390198
2017-07-24 70 1 0.797 "FR" 43.6206051062346 1.39423144268438 43.6498718261719 1.32570004463196
2017-07-24 1 1 0.011 "FR2845" 43.6206051062346 1.39423144268438 43.6124000549316 1.33337998390198
2017-07-24 35 1 0.288 "FR" 43.6206051062346 1.39423144268438 43.6498718261719 1.32570004463196
2017-07-24 2 1 0.06 "FR813" 43.6206051062346 1.39423144268438 43.6724510192871 1.45246005058289
2017-07-24 100 1 1.343 "FR47" 43.6206051062346 1.39423144268438 43.6571502685547 1.48439002037048
2017-07-24 5000 1 4.497 "FR5000" 43.6206051062346 1.39423144268438 43.6057281494141 1.44869005680084
2017-07-24 100 1 0.56 "FR" 43.6206051062346 1.39423144268438 43.6124000549316 1.33337998390198
2017-07-24 2 1 0.042 "FR" 43.6206051062346 1.39423144268438 43.634578704834 1.39683997631073
2017-07-24 8 1 0.256 "FR2834" 43.6206051062346 1.39423144268438 43.6498718261719 1.32570004463196
2017-07-24 1 1 0.01 "FR849" 43.6206051062346 1.39423144268438 43.518009185791 1.55952000617981
2017-07-24 35 1 0.782 "FR" 43.6206051062346 1.39423144268438 43.6124000549316 1.33337998390198
2017-07-24 50 1 0.336 "FR4710" 43.6206051062346 1.39423144268438 43.6057281494141 1.44869005680084
2017-07-24 10 1 0.06 "FR321" 43.6206051062346 1.39423144268438 43.634578704834 1.39683997631073
2017-07-24 3 1 0.064 "FR144" 43.6206051062346 1.39423144268438 43.6124000549316 1.33337998390198
2017-07-24 2 1 0.006 "FR3601" 43.6206051062346 1.39423144268438 43.6724510192871 1.45246005058289
2017-07-24 242 1 4.563 "FR" 43.6206051062346 1.39423144268438 43.6124000549316 1.33337998390198
2017-07-24 30 1 0.28 "FR4710" 43.6206051062346 1.39423144268438 43.6057281494141 1.44869005680084
2017-07-24 87 1 0.576 "FR1207" 43.6206051062346 1.39423144268438 43.634578704834 1.39683997631073
2017-07-24 30 1 0.288 "FR" 43.6206051062346 1.39423144268438 43.6498718261719 1.32570004463196
2017-07-24 2 1 0.036 "FR" 43.6206051062346 1.39423144268438 43.6124000549316 1.33337998390198
2017-07-24 18 1 0.096 "FR" 43.6206051062346 1.39423144268438 43.6498718261719 1.32570004463196
2017-07-24 0.94 1 0.045 "FR" 43.6206051062346 1.39423144268438 43.6498718261719 1.32570004463196
2017-07-24 1.7 1 0.018 "FR34" 43.6206051062346 1.39423144268438 43.634578704834 1.39683997631073
2017-07-24 109 1 1.439 "FR1207" 43.6206051062346 1.39423144268438 43.634578704834 1.39683997631073
2017-07-24 2.75 1 0.06 "FR3191" 43.6206051062346 1.39423144268438 43.6124000549316 1.33337998390198
2017-07-24 100 1 2.225 "FR743" 43.6206051062346 1.39423144268438 43.6057281494141 1.44869005680084
2017-07-24 37 1 0.768 "FR" 43.6206051062346 1.39423144268438 43.6498718261719 1.32570004463196
2017-07-24 766 1 10.794 "FR" 43.6206051062346 1.39423144268438 43.6498718261719 1.32570004463196
2017-07-24 36 1 0.256 "FR3307" 43.6206051062346 1.39423144268438 43.6057281494141 1.44869005680084
2017-07-24 28.5 1 0.902 "FR1890" 43.6206051062346 1.39423144268438 43.6498718261719 1.32570004463196
2017-07-24 20 1 0.096 "FR3236" 43.6206051062346 1.39423144268438 43.6124000549316 1.33337998390198
2017-07-24 170 1 0.744 "FR" 43.6206051062346 1.39423144268438 43.6124000549316 1.33337998390198
2017-07-24 87 1 0.224 "FR" 43.6206051062346 1.39423144268438 43.6498718261719 1.32570004463196
2017-07-24 10 1 0.082 "FR4710" 43.6206051062346 1.39423144268438 43.6057281494141 1.44869005680084
2017-07-24 1 1 0.015 "FR4710" 43.6206051062346 1.39423144268438 43.6057281494141 1.44869005680084
2017-07-24 35 1 0.53 "FR" 43.6206051062346 1.39423144268438 43.6498718261719 1.32570004463196
2017-07-24 150 1 15.99 "FR3307" 43.6206051062346 1.39423144268438 43.6057281494141 1.44869005680084
2017-07-24 5 1 0.006 "FR3601" 43.6206051062346 1.39423144268438 43.6724510192871 1.45246005058289
2017-07-24 500 1 2.099 "FR953" 43.6206051062346 1.39423144268438 43.6498718261719 1.32570004463196
